,,,,СС,,,,,,
,,,,1000000,,Максимальные тарифы,,,,
М,Ж,,,М,Ж,М,Ж,,,
590,2980,5.05084745762712,30,1694.91525423729,335.570469798658,0.00169491525423729,0.000335570469798658,,,
450,1430,3.17777777777778,40,2222.22222222222,699.300699300699,0.00222222222222222,0.000699300699300699,,,
200,630,3.15,50,5000,1587.30158730159,0.005,0.00158730158730159,,,
80,230,2.875,60,12500,4347.82608695652,0.0125,0.00434782608695652,,,
30,90,3,70,33333.3333333333,11111.1111111111,0.0333333333333333,0.0111111111111111,,,
10,20,2,,100000,50000,0.1,0.05,,,
,,,,СС,,,,,,
,,,,1000000,,Максимальные тарифы,,,,
М,Ж,,,М,Ж,М,Ж,,,
233,466,2,30,4291.84549356223,2145.92274678112,0.00429184549356223,0.00214592274678112,,3000,699000
117,251,2.14529914529915,40,8547.00854700855,3984.06374501992,0.00854700854700855,0.00398406374501992,,5000,1165000
59,130,2.20338983050847,50,16949.1525423729,7692.30769230769,0.0169491525423729,0.00769230769230769,,30000,6990000
28,63,2.25,60,35714.2857142857,15873.0158730159,0.0357142857142857,0.0158730158730159,,27000,
7,11,1.57142857142857,70,142857.142857143,90909.0909090909,0.142857142857143,0.0909090909090909,,,
3,4,1.33333333333333,,333333.333333333,250000,0.333333333333333,0.25,,,
